200
48 6 47
31 32 9
29 98 20
38 47 22
49 57 31
37 72 52
22 39 36
39 89 3
8 14 50
41 41 11
44 43 27
35 48 7
46 76 21
11 96 46
1 30 16
9 74 58
10 93 48
36 13 27
27 42 58
47 69 44
24 71 37
30 58 51
50 63 29
36 37 1
50 8 30
36 28 11
41 59 9
4 78 5
43 4 39
31 12 14
21 59 52
25 88 36
7 42 19
26 8 1
4 10 15
15 39 11
14 88 50
47 16 14
38 93 14
8 5 11
43 44 34
22 23 43
23 72 46
42 52 44
37 2 12
41 45 35
29 75 27
35 28 25
32 17 20
14 18 10
35 15 28
48 24 34
34 76 0
44 42 9
29 76 31
6 92 31
39 50 43
19 25 53
17 69 48
43 22 11
28 88 29
43 51 41
46 91 34
19 22 24
39 31 42
24 82 2
11 5 45
1 98 58
43 68 43
41 3 29
45 51 1
6 41 0
16 75 43
21 84 23
7 3 4
31 98 38
34 27 33
22 43 47
33 52 57
14 68 53
2 64 49
42 21 49
39 19 42
19 92 51
13 56 41
48 25 25
47 42 32
33 91 50
36 90 17
21 81 27
8 85 43
30 87 36
48 46 39
18 3 2
28 96 5
34 71 19
10 29 36
14 33 16
41 98 56
25 15 9
26 31 18
25 9 53
47 75 58
20 86 41
21 10 23
27 11 48
47 91 15
7 94 56
27 72 47
20 86 54
32 25 29
8 25 47
19 42 46
13 63 43
45 82 12
15 17 0
34 6 19
3 16 42
7 90 40
24 8 18
33 5 8
18 35 44
2 46 30
18 20 8
7 40 10
6 75 45
1 31 6
15 75 45
2 48 25
42 14 25
27 61 19
44 18 35
43 82 48
36 82 35
25 74 43
21 75 14
23 21 8
41 37 16
44 22 37
26 23 30
3 3 45
4 41 13
34 35 9
41 41 22
49 44 55
5 44 19
47 16 53
23 79 31
3 3 6
24 99 44
14 88 29
14 55 48
39 94 31
3 44 44
3 13 5
22 79 36
42 15 24
10 42 54
26 81 20
23 14 15
13 55 6
22 99 7
30 10 39
8 46 18
33 53 14
7 27 26
23 16 3
16 55 15
45 77 28
49 62 6
23 29 37
25 0 40
12 26 19
17 23 48
6 38 28
23 13 43
12 13 43
11 29 56
48 71 39
2 29 21
2 34 10
31 78 14
40 9 0
48 15 10
5 57 15
41 67 47
45 56 11
29 56 14
16 42 9
2 74 58
47 61 18
35 21 18
19 88 15
7 49 8
42 21 8
42 56 13
30 93 30
46 18 1
48 51 14
11 83 59
