1000
232 75
122 187
119 214
125 182
176 118
63 196
184 240
207 123
106 238
71 135
177 232
95 175
194 60
147 174
172 106
64 238
236 195
61 156
53 188
120 160
101 85
198 187
166 71
182 222
98 60
120 96
144 113
210 240
183 82
204 164
160 125
141 74
58 66
133 221
208 153
205 219
101 164
155 196
106 183
186 173
55 165
66 69
145 197
76 119
147 125
224 226
248 61
74 62
143 127
235 152
72 205
244 87
55 140
144 120
239 112
178 159
112 233
189 111
211 244
163 148
173 60
152 191
91 194
111 177
86 234
93 219
191 73
221 142
52 140
172 127
83 219
62 221
182 190
169 110
199 246
96 182
150 103
194 194
74 132
85 52
181 220
172 200
130 140
233 150
219 69
247 88
150 127
63 215
80 142
213 58
157 52
116 63
78 151
88 76
204 148
74 71
100 228
65 101
84 190
158 97
61 246
241 213
177 221
51 53
167 72
235 186
188 109
141 53
196 75
208 213
178 241
207 138
156 146
162 106
67 232
94 221
153 199
90 76
124 211
211 167
74 173
243 191
53 89
109 201
185 227
92 116
219 68
164 245
69 143
57 65
87 137
151 210
112 168
234 126
206 75
215 205
242 51
243 209
71 97
138 106
132 104
74 235
104 219
106 167
230 194
173 97
241 73
123 114
98 74
241 179
231 213
248 206
150 92
108 80
219 60
198 226
198 113
92 88
105 144
207 137
176 123
133 193
185 65
185 195
238 244
248 155
65 55
108 59
119 56
78 212
96 138
104 167
119 174
145 196
181 155
124 204
146 67
91 114
230 104
128 71
109 55
85 246
130 227
181 108
213 150
58 180
127 52
55 123
101 216
169 151
148 122
202 237
189 169
70 188
177 238
194 212
54 57
121 75
138 217
161 217
231 126
182 170
160 112
69 108
99 181
228 81
183 247
160 127
128 53
86 215
89 148
238 243
162 84
221 107
226 103
234 233
118 80
123 196
98 233
105 154
167 192
154 218
150 226
205 249
60 223
195 130
247 73
132 139
192 112
247 174
121 199
159 62
57 221
114 147
206 148
179 151
138 110
243 193
73 249
123 66
89 224
245 175
195 181
196 198
81 59
233 244
177 73
215 158
105 100
153 79
203 59
219 137
115 113
191 79
230 166
153 195
158 183
220 188
196 136
166 170
69 159
137 125
231 91
132 130
93 149
178 55
66 157
201 74
179 56
94 148
160 160
111 236
220 69
168 218
106 227
194 192
139 156
89 56
53 247
117 74
94 176
116 68
162 67
85 72
81 171
144 80
157 104
133 213
66 129
106 144
206 109
80 152
115 136
248 150
99 164
98 238
188 102
199 223
84 235
248 131
182 235
237 219
205 101
235 133
97 91
144 120
232 94
208 226
95 101
174 55
80 59
147 157
126 127
122 86
247 207
112 205
186 239
62 180
249 215
81 126
152 123
163 233
111 159
179 78
116 194
123 123
205 74
56 152
237 225
183 98
124 159
150 165
196 248
177 53
121 70
55 238
112 210
108 74
196 207
135 155
157 240
86 242
98 188
97 167
88 118
141 234
147 122
187 170
164 140
72 92
76 91
53 238
201 79
153 236
94 103
78 226
136 238
121 67
214 62
190 194
56 173
156 208
99 192
157 197
179 173
169 122
99 189
187 214
210 234
212 119
174 205
150 179
213 100
180 96
129 130
208 113
220 135
52 202
197 161
182 214
105 115
222 206
126 77
185 205
179 92
155 154
124 171
81 190
189 50
117 55
109 215
133 228
173 58
189 233
72 246
164 205
77 76
117 178
83 57
192 173
150 116
160 247
159 249
245 155
240 225
53 81
79 69
70 122
210 176
56 125
85 61
121 105
144 218
208 236
229 131
198 132
240 210
130 204
216 181
172 217
245 136
204 141
154 173
68 204
236 169
107 134
187 249
220 76
154 108
78 53
170 227
181 147
108 126
137 234
158 209
133 81
92 176
90 213
171 134
125 202
163 228
199 91
51 111
76 92
234 59
111 173
75 199
195 74
151 161
52 185
170 132
119 68
183 247
192 135
229 56
227 60
110 185
117 125
109 113
155 218
152 198
155 204
167 65
50 217
76 155
213 105
163 247
204 215
116 63
92 189
214 172
101 145
102 88
147 204
248 246
136 238
213 93
58 162
231 73
64 135
97 58
187 81
138 241
75 53
203 120
72 157
134 73
226 179
74 194
243 200
149 167
51 55
233 160
236 230
170 125
111 109
198 104
142 235
150 234
204 93
229 216
210 223
126 215
100 64
99 174
51 153
147 155
108 127
67 160
65 129
249 127
142 172
245 132
110 125
184 106
175 134
121 105
220 213
150 79
66 193
192 108
189 207
203 122
171 196
76 196
193 83
155 174
61 241
67 230
92 80
144 130
92 97
176 210
245 149
53 207
52 214
242 189
240 241
68 140
248 191
99 85
228 52
233 91
84 55
178 95
118 100
61 177
172 222
170 140
228 161
108 210
130 223
145 151
83 240
151 242
131 128
177 185
114 132
51 197
243 141
226 70
149 184
88 176
245 101
214 142
147 79
146 117
228 139
204 213
64 156
84 155
61 78
62 138
60 90
168 172
90 242
235 244
218 206
168 53
64 245
165 144
73 72
56 58
218 67
196 132
62 245
90 104
60 195
113 160
72 64
200 160
89 55
68 247
51 172
238 162
190 56
150 219
150 243
150 56
188 199
240 182
221 235
81 71
170 221
194 146
224 156
189 66
184 68
229 57
241 227
121 151
205 116
106 85
114 170
227 127
210 111
193 178
85 85
130 202
141 53
179 136
186 111
165 185
207 249
167 98
149 51
170 130
70 66
209 105
237 59
183 120
172 203
54 81
94 164
165 73
246 203
81 114
200 208
216 214
103 158
66 232
198 195
88 69
130 162
210 84
191 127
67 74
243 91
232 161
224 73
137 218
70 175
87 176
64 161
55 71
230 202
85 109
179 213
77 104
112 84
197 176
144 190
87 126
141 110
70 141
147 249
55 199
148 89
59 131
84 56
249 142
133 214
193 248
182 95
54 225
191 127
139 244
233 168
242 138
132 221
193 178
104 103
55 143
95 120
165 131
59 182
63 171
69 211
197 186
62 66
165 58
193 244
172 160
56 116
53 136
166 64
161 114
165 178
192 171
145 61
182 206
157 163
177 196
244 126
114 202
139 158
82 51
157 139
111 181
246 196
200 208
109 103
141 100
131 89
114 194
113 160
125 198
242 127
134 219
84 154
63 152
133 203
196 50
139 236
109 202
204 70
186 232
239 89
246 200
75 53
126 156
63 217
220 194
114 138
167 168
60 134
245 173
228 136
92 129
211 79
94 199
224 203
139 154
190 56
123 87
163 126
92 162
107 119
96 227
69 163
163 233
123 97
60 143
144 231
178 55
61 195
65 61
140 131
76 77
105 162
165 216
197 164
131 242
173 108
60 103
203 139
203 232
179 124
155 89
129 62
117 125
57 138
166 219
110 93
173 202
144 80
235 83
240 126
188 127
205 174
221 113
212 242
159 180
147 119
147 80
199 142
133 97
151 74
214 217
232 99
229 120
50 242
174 97
59 246
94 102
131 230
70 222
120 80
158 118
227 202
195 166
202 119
139 189
111 196
97 176
129 59
101 87
217 128
126 144
184 154
178 185
191 212
165 208
223 101
184 181
235 116
100 170
218 144
239 217
153 176
246 95
97 54
236 56
52 105
146 91
246 187
120 119
210 136
138 158
146 152
246 201
139 191
101 164
192 139
160 188
110 213
134 54
224 204
171 201
211 230
59 247
205 185
127 112
194 241
102 208
111 90
80 202
83 105
79 165
202 62
87 206
196 221
104 141
102 229
170 132
135 111
200 134
189 91
95 165
64 120
169 135
176 68
141 73
67 227
122 132
194 74
164 103
172 102
109 157
219 152
216 217
110 108
146 151
190 51
113 141
61 86
130 162
195 179
110 229
203 213
93 137
206 71
54 72
87 145
76 181
231 102
85 215
73 69
144 243
136 247
125 128
135 168
114 225
90 186
58 247
52 134
160 197
184 189
181 168
99 158
206 238
90 176
146 54
112 194
219 65
115 64
66 79
224 153
160 69
179 88
82 229
156 120
100 175
199 163
162 239
154 100
139 95
84 139
191 150
60 138
66 185
119 158
97 209
79 144
77 53
184 84
102 145
244 217
233 175
90 234
165 198
243 157
90 200
197 98
131 120
99 206
190 179
237 153
66 158
131 100
152 177
88 215
93 155
189 58
247 182
99 178
221 115
173 191
148 209
182 156
175 203
167 126
71 208
155 144
116 231
198 230
178 57
107 89
223 81
149 163
108 226
193 243
115 193
138 227
176 59
117 224
50 103
174 178
60 239
194 229
175 123
79 134
155 118
225 82
118 173
198 172
91 214
76 77
190 125
73 105
79 133
187 183
245 85
186 161
182 216
107 110
100 162
86 60
154 96
154 177
191 79
55 212
106 231
84 200
247 169
202 249
232 87
73 113
136 76
50 229
